data 1 211 6 7 8 9 10 11 12 14 15 16 17 18
22  251  24  25  206  207  28  205  23  209  31  32  33  99  247  248  261  294  241
118 117	161 237  238  239  240  242  243
47  48  49  249  50  51  52  57  61  62  63
34 245 154 246 266
74  76  71  72  73  77  78  222  81
215  89  216  217  92  93  220  94  286  102  103
110  111  112  113  114  98  97  284
115  101
278  259  281  295
121  122  120  123 125  197  198  129  130  201  202
262  183  134  263  149  141  148  144
196   283
155  156  158  168  169  171  172  173  178
190  255  188  254
270  191  253  257  273  271  275
296  277  279  145  291  285  287  269  290  227  228  229  230  288
204  280  297
